uh = [1.0000000000000000e+00 ;1.0024846123172995e+00 ;1.0890851716415857e+00 ;1.0024846123172990e+00 ;1.0912362104639777e+00 ;1.0024846123172990e+00 ;1.0000000000000000e+00 ;1.0672665774145469e+00 ;1.0724577030035047e+00 ;1.0024846123172992e+00 ;1.0000000000000000e+00 ;1.0024846123172992e+00 ;1.0714629074010884e+00 ;1.0952204500473988e+00 ;1.0000000000000000e+00 ;1.0024846123172990e+00 ;1.0959523024367965e+00 ;1.0724577040893255e+00 ;1.0000000000000000e+00 ;1.0714629085712661e+00 ;1.0024846123172995e+00 ;1.0000000000000000e+00 ;1.0024846123172995e+00 ;1.0945600146684820e+00 ;1.0024846123172990e+00 ;1.0890851709708980e+00 ;1.0024846123172992e+00 ;1.0000000000000000e+00 ;1.0024846123172995e+00 ;1.0024846123172995e+00 ;1.0697780081550834e+00 ;1.0000000000000000e+00 ;1.0000000000000000e+00 ;1.0024846123172990e+00 ;1.0736494296366075e+00 ;1.0724071238072466e+00 ;1.0000000000000000e+00 ;1.0024846123172995e+00 ;1.1179118757963242e+00 ;1.0914503428162949e+00 ;1.1196745398765069e+00 ;1.0000000000000000e+00 ;1.1356029684498390e+00 ;1.0757668917682630e+00 ;1.1865847945829071e+00 ;1.1856464343326745e+00 ;1.2685615078314449e+00 ;1.2704731164618581e+00 ;1.1814556886565692e+00 ;1.1740125888010380e+00 ;1.2039210026626466e+00 ;1.2549812110662881e+00 ;1.2633975339301224e+00 ;1.0000000000000000e+00 ;1.0912362096992090e+00 ;1.1292477401087948e+00 ;1.0674923543266241e+00 ;1.1920426624296470e+00 ;1.2215654909411888e+00 ;1.1312807980489323e+00 ;1.1385292775881917e+00 ;1.0024846123172992e+00 ;1.1399183230519534e+00 ;1.2256976749190294e+00 ;1.0750747487423058e+00 ;1.2023818631860650e+00 ;9.9999999999999978e-01 ;1.1352386616133978e+00 ;1.0874362293978155e+00 ;1.0024846123172992e+00 ;1.1352386628795659e+00 ;1.0750747499906952e+00 ;1.0000000000000000e+00 ;1.0874362307891488e+00 ;1.2691323505543839e+00 ;1.1842707978050027e+00 ;1.2023818654288205e+00 ;1.2920924522023807e+00 ;1.2707323098549179e+00 ;1.1639485265917231e+00 ;1.1399183252591518e+00 ;1.0024846123172992e+00 ;1.0914503422431692e+00 ;1.1179118753300030e+00 ;1.0000000000000000e+00 ;1.2688639124458936e+00 ;1.2142069851435484e+00 ;1.1740125875193881e+00 ;1.2039210015946049e+00 ;1.1196745395102590e+00 ;1.1356029681903954e+00 ;1.0705515515839845e+00 ;1.0000000000000000e+00 ;1.1418000162733168e+00 ;1.1365404904006533e+00 ;1.2070249133710627e+00 ;1.2083544571045062e+00 ;1.1418586231789840e+00 ;1.2043359407989498e+00 ;1.2002874498070844e+00 ;1.2814917791873914e+00 ;1.3201686862780440e+00 ;1.2474241500394565e+00 ;1.2283915230754525e+00 ;1.3364834833687067e+00 ;1.2691757236210572e+00 ;1.2610188835546579e+00 ;1.3426556901542095e+00 ;1.4243077598843592e+00 ;1.3714601968113445e+00 ;1.3491446717040581e+00 ;1.3495121898382436e+00 ;1.4325360577596928e+00 ;1.3404901553903639e+00 ;1.3466273521061582e+00 ;1.3311006026570564e+00 ;1.4410550125602239e+00 ;1.4237020482981289e+00 ;1.3706537463617403e+00 ;1.3058292618964398e+00 ;1.2495521700033878e+00 ;1.2800482334742838e+00 ;1.3287045552698769e+00 ;1.0974372315795877e+00 ;1.0024846123172990e+00 ;1.0000000000000000e+00 ;1.0856037349022503e+00 ;1.3564022179654276e+00 ;1.3056950590284349e+00 ;1.3583052198862866e+00 ;1.2865678776384484e+00 ;1.3707950561546856e+00 ;1.1789585486037149e+00 ;1.2669983412434571e+00 ;1.2465764637245260e+00 ;1.1673378647370236e+00 ;1.3332434984861345e+00 ;1.3123176939055106e+00 ;1.2598483201372508e+00 ;1.2178580314496246e+00 ;1.0974372330957838e+00 ;1.0856037363648721e+00 ;1.0000000000000000e+00 ;1.0024846123172992e+00 ;1.1789585514898364e+00 ;1.2669983438076577e+00 ;1.2465764678389357e+00 ;1.2178580339782679e+00 ;1.1673378675159969e+00 ;1.3123176962193814e+00 ;1.3285920615189162e+00 ;1.3684817105522904e+00 ;1.2598483224155639e+00 ;1.3906355233779988e+00 ;1.4316192429878960e+00 ;1.4459787085139528e+00 ;1.4763503296542746e+00 ;1.2474241493986313e+00 ;1.3090428218413908e+00 ;1.2976382181521731e+00 ;1.2283915222210193e+00 ;1.4177614958244951e+00 ;1.3577909310211931e+00 ;1.3755792166415681e+00 ;1.3825199136857771e+00 ;1.2610188831274414e+00 ;1.3256953934839277e+00 ;1.2691757234074488e+00 ;1.3390085644639398e+00 ;1.2718946702386542e+00 ;1.3479246963270748e+00 ;1.3447173476435166e+00 ;1.4150212986862498e+00 ;1.4687917180111563e+00 ;1.4057410912493595e+00 ;1.4745684721208585e+00 ;1.4184993585617010e+00 ;1.4180602840745555e+00 ;1.4827203513943297e+00 ;1.4811533155576049e+00 ;1.5600862431179923e+00 ;1.4946216166161961e+00 ;1.5267880840113839e+00 ;1.5137214151278373e+00 ;1.5762719914973458e+00 ;1.5256353510126082e+00 ;1.5836955797040568e+00 ;1.5339368492577674e+00 ;1.0000000000000000e+00 ;1.0000000000000000e+00 ;1.0024846123172995e+00 ;1.0953567744223520e+00 ;1.0977598098827401e+00 ;1.0024846123172995e+00 ;1.0953567745942951e+00 ;1.0974372314803305e+00 ;1.0000000000000000e+00 ;1.0856037348761434e+00 ;1.0024846123172992e+00 ;1.0024846123172992e+00 ;1.0000000000000000e+00 ;1.0874362294138380e+00 ;1.0791978332330039e+00 ;1.0812717324483143e+00 ;1.4647419482433255e+00 ;1.4197862145315023e+00 ;1.4428713114877925e+00 ;1.4031850074762215e+00 ;1.2733364660438247e+00 ;1.2539632682459763e+00 ;1.1859309584921620e+00 ;1.1882550954035964e+00 ;1.4800467234971442e+00 ;1.4323235327215693e+00 ;1.4902804955405833e+00 ;1.4192517253283072e+00 ;1.4028055314920991e+00 ;1.4595985518795493e+00 ;1.4766267169315390e+00 ;1.3829849512129448e+00 ;1.4391960003846134e+00 ;1.3379671523769185e+00 ;1.4022651907007608e+00 ;1.3189427633134472e+00 ;1.3422793101329322e+00 ;1.3808694459533413e+00 ;1.3597899844908450e+00 ;1.0024846123172992e+00 ;1.0953567761111720e+00 ;1.0000000000000000e+00 ;1.0000000000000000e+00 ;1.0024846123172995e+00 ;1.0953567761741476e+00 ;1.0024846123172992e+00 ;1.0977598115161671e+00 ;1.0000000000000000e+00 ;1.0974372332157285e+00 ;1.0856037366651154e+00 ;1.1882550985040148e+00 ;1.2539632725211087e+00 ;1.1859309614854321e+00 ;1.2733364781819345e+00 ;1.3189427687272604e+00 ;1.3379671653315053e+00 ;1.3808694497989287e+00 ;1.3422793139251832e+00 ;1.0874362312401107e+00 ;1.0024846123172990e+00 ;1.0791978388265422e+00 ;1.0000000000000000e+00 ;1.1631209967986065e+00 ;1.3597899868402732e+00 ;1.4022651930857464e+00 ;1.4168588278407301e+00 ;1.4542133708601264e+00 ;1.5489334109671269e+00 ;1.5146962308770571e+00 ;1.5070366497183385e+00 ;1.4684942425196579e+00 ;1.5554647929129275e+00 ;1.5911728746940179e+00 ;1.5907999286272689e+00 ;1.6230182212850823e+00 ;1.3849418937195166e+00 ;1.4319605547096490e+00 ;1.4560887517772385e+00 ;1.4012451261566810e+00 ;1.5025180634801356e+00 ;1.5011878335758690e+00 ;1.4739579466007968e+00 ;1.5333020820368557e+00 ;1.4119705826398068e+00 ;1.4999112098624696e+00 ;1.4698761504184312e+00 ;1.4810450951230758e+00 ;1.5412174890964716e+00 ;1.5391308997618924e+00 ;1.5626080408243481e+00 ;1.5909895331387749e+00 ;1.5961715306993960e+00 ;1.5966072377935476e+00 ;1.5401966326114289e+00 ;1.6764678002552829e+00 ;1.6546738697738919e+00 ;1.6207016380200816e+00 ;1.6313290856347880e+00 ;1.6455970093237688e+00 ;1.6849097103063626e+00 ;1.6945335920913582e+00 ;1.6379144855480341e+00 ;1.2817269831549543e+00 ;1.1859309581708888e+00 ;1.2715303220775360e+00 ;1.1789585484513969e+00 ;1.1090590131476508e+00 ;1.0000000000000000e+00 ;1.0847166413995506e+00 ;1.0024846123172995e+00 ;1.1890433545979973e+00 ;1.1673378646949113e+00 ;1.2707278911869491e+00 ;1.2277651868602244e+00 ;1.1853159614413169e+00 ;1.1551195607399518e+00 ;1.2355296488912360e+00 ;1.1631209898019197e+00 ;1.2118059745685255e+00 ;1.2563721359251963e+00 ;1.2626787928153136e+00 ;1.3340936910380428e+00 ;1.5595911300346135e+00 ;1.5777266054863968e+00 ;1.5364262015464711e+00 ;1.5229224801333103e+00 ;1.3621203132115838e+00 ;1.4284189995371235e+00 ;1.3523596638866819e+00 ;1.3995450262262237e+00 ;1.5446659369184226e+00 ;1.5954798576589284e+00 ;1.5304301870935968e+00 ;1.5898772988200900e+00 ;1.5128200508258252e+00 ;1.5459074969337288e+00 ;1.4800778636793499e+00 ;1.5103288590459809e+00 ;1.4722243538528752e+00 ;1.5806621366954499e+00 ;1.4397433136921931e+00 ;1.2355296555795188e+00 ;1.1673378681167748e+00 ;1.2707278976011307e+00 ;1.1859309613784554e+00 ;